       1
       2
       1
       1
       1
      13
       1
       1
       1
       1
       1
       1
       1
       1
       3
      27
      27
       1
       2
       1
       1
       1
       1
       1
       2
       1
       1
       1
       1
      13
       1
       1
       1
       1
       1
       1
       1
       2
       2
       1
       1
       1
      27
       1
       1
       1
       1
       1
       1
       2
       1
       1
       1
       2
       1
       2
       1
       1
       1
       1
